left_score,center_score,right_score,political_leaning
1.525371037579538e-06,0.0005818271598275787,0.9994166474691349,2
0.12814684365334944,0.8717271022226172,0.00012605412403353004,2
0.8243993410965554,0.16935928232211653,0.0062413765813279275,2
7.09329357192523e-07,0.9996455256683507,0.0003537650022920237,2
0.0008574835177362544,0.015395800232857098,0.9837467162494067,2
0.9999958741575536,3.3585233415440077e-06,7.673191046583717e-07,2
0.4223958248769047,0.24391486712695165,0.3336893079961436,2
7.117509056241325e-06,8.415325737512454e-05,0.9999087292335688,2
0.9783752792115723,0.020810272513587396,0.0008144482748401275,0
0.961001895544268,0.038993343723220504,4.760732511588316e-06,0
0.1417293786422073,0.8561188775076422,0.002151743850150597,0
3.655829885480577e-09,0.9999999959923214,3.5184877614475914e-10,0
0.04062394268050116,0.9589084210714838,0.0004676362480148989,0
0.9770657951942654,0.002226218909980228,0.02070798589575428,0
0.0004309477865000862,0.9995568971898204,1.2155023679638265e-05,0
0.9382963246521584,0.012083395013294099,0.049620280334547504,0
0.00014528922070903937,0.7828797407332674,0.2169749700460236,0
0.877987166541483,0.0015900341470447717,0.12042279931147236,0
0.0009555632757041535,7.728037763818259e-07,0.9990436639205195,0
0.26281789771610203,0.7341107956079552,0.0030713066759426966,2
1.1204851008001937e-05,0.9999887549159636,4.023302829054898e-08,2
5.498114695945359e-07,0.9999994372490366,1.293949381081873e-08,2
0.00030713925766921946,0.6220022149273398,0.37769064581499107,2
0.051881280208008196,0.9480567924940503,6.192729794170025e-05,2
6.193814851330173e-05,0.00790446643677045,0.9920335954147161,2
1.6103980633794196e-08,0.999999555764572,4.281314475304818e-07,2
3.142961545084994e-11,0.9999997560835934,2.438849772313507e-07,2
0.00033628010431107605,0.9879853845956691,0.011678335300020038,2
1.6383734912324716e-10,0.9999999984145818,1.4215808773680976e-09,2
0.015817258352372656,0.9777803525807037,0.006402389066923638,2
0.052838880046897914,0.9469901941615093,0.00017092579159287038,2
0.9803229684449034,0.019604210924928887,7.282063016774471e-05,2
0.8929913256830396,0.025170812231923214,0.08183786208503721,2
0.0004794327885640244,0.9993698460497622,0.00015072116167397955,2
0.005416645550112078,0.9945831533986496,2.010512383478235e-07,2
2.8833587178700145e-07,1.2146885853394675e-08,0.9999996995172423,2
0.9999999128263695,8.70181091300624e-08,1.5552126442285677e-10,2
0.8063897957640346,0.19360995967421124,2.445617542624458e-07,2
0.922474506715607,0.07714640368679523,0.0003790895975977261,2
6.387608001659866e-07,0.9999955093828717,3.851856328001486e-06,2
6.73762969073711e-08,0.9999906565498462,9.276073856898832e-06,2
0.2952066640641433,0.6973329680627226,0.007460367873133997,2
7.890487679033771e-08,0.9764805348400019,0.02351938625512139,2
2.0400372055482275e-07,0.9999946985118429,5.0974844364652606e-06,2
1.0827977515145183e-06,0.9909716254527136,0.00902729174953497,2
0.9999933681561731,1.331454227789803e-09,6.63051237246255e-06,2
0.6088859847177439,0.391113719619614,2.956626420319719e-07,2
1.8320452891139415e-06,6.594485415326108e-05,0.9999322231005577,2
0.03186931537094617,0.96812757688521,3.107743843895249e-06,2
0.047025511232158854,0.9514014196645479,0.001573069103293082,2
0.08269789868229328,0.913061379502204,0.0042407218155026735,2
0.00011354052868701467,0.9998532316593096,3.3227812003322924e-05,2
3.298374551940382e-05,0.9999028202084698,6.419604601076527e-05,2
0.8955117444383195,0.10442249497638392,6.576058529661499e-05,2
3.650942605683756e-05,0.9977511403816018,0.002212350192341326,2
8.014532977368763e-06,0.000673097140775803,0.9993188883262467,2
0.007586160194146247,0.9923945311828408,1.930862301297008e-05,2
9.1695224867049e-12,0.999999819314425,1.8067640536506692e-07,2
0.0198274492457085,0.9799135192055591,0.00025903154873225127,2
1.8017944534911697e-05,0.9573132057559872,0.04266877629947782,2
0.011064766621243923,0.14818692563665514,0.8407483077421011,2
0.8454375131811187,0.15269078418791157,0.001871702630969745,2
9.861528055637881e-06,0.953416948432057,0.04657319003988746,2
3.5227547226637753e-07,0.9999996297340602,1.7990467549736054e-08,2
0.09204733200225923,0.8930759741470453,0.014876693850695557,2
3.1028906208552814e-05,0.005460834875390523,0.994508136218401,2
0.002141487137381844,0.997858481766165,3.1096453155187055e-08,2
0.0002412761599200919,0.9997575421406193,1.1816994606174637e-06,2
0.00012988119036389678,0.7321424109766901,0.26772770783294597,2
5.8241418718067455e-05,0.9998607070862032,8.105149507870315e-05,2
0.07560696624555117,0.009393039193652631,0.9149999945607962,2
0.15042554160493904,0.680974337292636,0.16860012110242498,2
0.0021038955976891553,0.9813883454440453,0.016507758958265693,2
0.2254885286625015,0.7745101254149882,1.3459225103311766e-06,2
0.002690319268158254,0.9971190769784545,0.00019060375338724792,2
0.25033437048302803,0.7496646068001002,1.0227168716761316e-06,2
3.6390279728508044e-10,0.9999252402201758,7.475941592133274e-05,2
0.12437449051376029,0.6890042816158582,0.1866212278703814,2
7.803000292423988e-08,0.9999998961385886,2.583140826656585e-08,2
0.0007433594694500939,0.9991766188235591,8.002170699089582e-05,2
0.9993750689414268,0.0006244392999227343,4.917586505674881e-07,2
1.935452078833624e-06,0.9999979138118779,1.5073604341160516e-07,2
0.0003350779581262408,0.9996642377601593,6.842817144976544e-07,2
1.2439061247925626e-10,0.9999996001928149,3.9968279438378614e-07,2
2.7010466755298975e-07,0.9999653359122868,3.4393983045518964e-05,2
0.004879834256987988,0.8638885321655804,0.13123163357743153,2
0.09189752445412426,0.4872180182861206,0.42088445725975526,2
4.3251115879885355e-05,0.9999515500223394,5.198861780721579e-06,2
0.0002704977945604281,0.8404992210994346,0.159230281106005,2
1.8311529792080226e-05,0.0001714054368779149,0.9998102830333301,2
0.9638666728385776,0.036133318218929865,8.942492439190611e-09,2
3.334363570881031e-05,0.9999090561257903,5.7600238500900186e-05,2
0.009170846754784183,0.9908270028315342,2.1504136814391156e-06,2
0.9860532797444841,0.01394671253236091,7.7231550939039e-09,2
0.0025397543467609055,0.9358338241661488,0.0616264214870902,2
1.2923446517502445e-05,0.9999100113716807,7.706518180171e-05,2
0.8143964983856087,0.18519855703509136,0.00040494457930010313,2
0.014925949572652029,0.06093423610868609,0.9241398143186619,2
0.9586069059457595,3.733464826416683e-06,0.04138936058941421,2
0.00025551274811952304,0.9997430683524487,1.4188994316460437e-06,2
4.992747300722984e-07,0.9824297556878551,0.017569745037414982,2
4.6509168044949084e-07,0.9045309630144416,0.09546857189387807,2
0.2622784934780152,0.7370251768598866,0.0006963296620984018,2
5.579614069685971e-28,2.1563065717457683e-16,0.9999999999999998,0
5.712329556047552e-13,3.3938800353930653e-12,0.999999999996035,0
1.5139339019021757e-18,5.745862063734958e-14,0.9999999999999425,0
5.344356660269972e-29,9.472815462796963e-20,1.0,0
1.1614726707153418e-31,1.9249862157840986e-17,1.0,0
5.153781002402421e-29,1.1892715346927425e-20,1.0,0
2.507105826593764e-19,3.198753164492361e-09,0.9999999968012467,0
1.9255509323359083e-30,2.4666702558035207e-13,0.9999999999997533,0
0.04406298609507594,0.9098601557268976,0.04607685817802639,0
0.8763147397235799,0.11305264598624155,0.010632614290178529,0
0.9985820188287924,0.0014179094196233302,7.175158424389064e-08,0
0.01457252499195105,0.9852878470494298,0.0001396279586190697,0
0.007323199402892841,0.9925969089278203,7.989166928676495e-05,0
0.6697973173189485,0.31553524555492335,0.014667437126128058,0
0.0003458958626415315,0.6542764128906687,0.34537769124668977,0
0.999999287496436,2.9658041460097913e-07,4.159231495094107e-07,0
0.9604130262939976,0.0002467812627709406,0.03934019244323145,0
0.000481407519671276,0.999517497423485,1.0950568437362895e-06,0
0.7882535340927415,0.150839591088794,0.060906874818464594,0
0.729495402995118,0.06256996160202345,0.20793463540285864,0
0.0008580508202909338,0.00141371577305838,0.9977282334066507,0
3.097339746598301e-08,0.999999204523967,7.645026357275316e-07,0
0.07393267200146138,0.16524058817818477,0.7608267398203539,0
0.9999854076755501,1.1208496735580625e-05,3.3838277142717325e-06,0
0.004622627201505538,0.9953703041253485,7.0686731458611675e-06,0
5.8789775867515255e-06,2.133155498525452e-05,0.999972789467428,0
6.415476375742092e-06,5.590335247294794e-06,0.999987994188377,0
0.9989710803404955,0.0010255586074876537,3.361052016913161e-06,0
0.6291157572323671,0.03855171684885049,0.3323325259187824,0
2.8819584318853427e-05,2.1709587457658752e-07,0.9999709633198066,0
0.0005434779374311594,0.9930777768160625,0.006378745246506457,0
0.0029225230196025993,0.9970751552330891,2.3217473083427966e-06,0
6.179609555230735e-05,0.8061262877154675,0.19381191618898025,0
0.9828157683459986,0.017129702120366012,5.4529533635444575e-05,0
8.099411016135696e-07,1.4119258652630111e-05,0.9999850708002458,0
0.5040342709517879,0.47843889023831926,0.017526838809892895,0
0.9999063539370812,8.859785862751572e-05,5.048204291240435e-06,0
0.9993194251647323,0.000678916863181582,1.6579720860779878e-06,0
0.00533014698540993,0.9935694617987343,0.0011003912158556396,0
0.00029714687058641527,0.009517386533644236,0.9901854665957692,0
0.2682361406335018,0.1414003850721029,0.5903634742943952,0
0.0015313221940439553,0.8931283169548238,0.10534036085113235,0
0.008161948328797604,0.9918380477340392,3.937162973685874e-09,0
0.11268387550185535,0.8821055463157137,0.005210578182431111,0
0.9996246086016956,0.0003476418097857924,2.7749588518702092e-05,0
0.9455892739955547,0.0003226197276439271,0.05408810627680132,0
0.0017068085580915935,2.9998978363895615e-05,0.9982631924635446,0
0.9947614902106999,0.0052384133091898,9.648011011211663e-08,0
2.7582147241537383e-06,0.9820119079950953,0.01798533379018058,0
0.18809699876162497,0.4089393459984374,0.4029636552399376,0
0.00967924186449201,7.270454095858391e-07,0.9903200310900984,0
0.00044776583769384396,0.9994608072098858,9.142695242025268e-05,0
0.544821324905593,0.4549011951829209,0.0002774799114862502,0
1.1926996308081758e-09,0.9999999987969121,1.0388029889874488e-11,0
0.0007136389738070994,0.9992849621365214,1.3988896714159901e-06,0
1.0027976189593154e-06,0.9999983759643343,6.212380466862322e-07,0
3.6948681906076266e-07,0.9999534098706361,4.622064254479873e-05,0
0.00012750018053014455,0.9998695026017137,2.997217755982803e-06,0
0.8743760108487394,0.12557779983520367,4.618931605687036e-05,0
0.0011716754931264176,0.9978514564592864,0.0009768680475870741,0
0.7206869146733218,0.2559558204051734,0.02335726492150479,0
0.978911903764138,0.02105784013770791,3.025609815406212e-05,0
0.901477016443614,0.09763573953028451,0.0008872440261014815,0
0.00043008808914911254,0.9995699115727912,3.380594664298425e-10,0
0.9325946311921951,0.06620153185233583,0.0012038369554689557,0
0.00010479313061659225,0.9960599203887186,0.0038352864806647743,0
0.00021890247539956407,0.9878016636167326,0.011979433907867808,0
0.9991573595730059,0.00013695160912836993,0.0007056888178655885,0
0.012556784295430277,2.572237997990648e-07,0.9874429584807699,0
9.056998236310574e-08,1.1777473426312655e-07,0.9999997916552833,0
0.9994903950637853,0.0005010249226645754,8.580013550091712e-06,0
0.001097971371689169,1.3818143414524044e-06,0.9989006468139695,0
0.5207602090334661,0.3824077863175164,0.09683200464901746,0
0.7947414016898666,0.11829169794586382,0.08696690036426952,0
0.061637464909893344,0.9383615730897276,9.620003792912824e-07,0
1.2213430821206445e-10,0.9999999849119452,1.4965920592735496e-08,0
0.20511744956870356,0.7922584195522147,0.002624130879081897,0
0.0012738348277016994,0.8339763378233582,0.16474982734894017,0
0.007894164408386679,0.9873684912127044,0.004737344378908831,0
0.051615374325998546,0.04785639316212482,0.9005282325118766,0
0.12465228900772024,0.0006136132904277413,0.874734097701852,0
1.4916533242325862e-09,0.9999934727020221,6.525806324675708e-06,0
0.11501382857723778,0.4758211026476782,0.4091650687750841,0
0.016668390012823917,0.2583152949220119,0.7250163150651642,0
0.042029471434214795,0.9354314736280331,0.022539054937752035,0
0.04677445901697449,0.09870454719122729,0.8545209937917982,0
0.9991551481161026,0.0001054787818434395,0.0007393731020538275,0
0.999762342739042,1.4238099026331468e-05,0.0002234191619315269,0
0.0029781881656406714,3.8190767355513447e-05,0.9969836210670038,0
0.3138556888614424,0.5527798188958135,0.13336449224274408,0
3.658391412817245e-08,0.9999999536939043,9.722181388973491e-09,0
0.3357589211750939,0.5039512922992192,0.16028978652568682,0
0.3098991992421646,0.68968517468091,0.0004156260769254882,0
0.008040520177869269,6.427697328972482e-06,0.9919530521248018,0
0.8240029376098162,0.17396016285381424,0.002036899536369609,0
0.013305525699899803,0.9668142947413683,0.019880179558731823,0
5.000362045579546e-09,8.289098887710925e-05,0.9999171040107608,0
1.9953388745165581e-07,0.9999991161674702,6.842986424819935e-07,0
4.448675847159376e-06,0.9999955171244815,3.4199671230221695e-08,0
0.23459711657333643,0.5871225055748508,0.17828037785181283,0
0.9999785186629082,2.1473004857141395e-05,8.332234614866768e-09,0
7.728933769232341e-06,0.9999921989722621,7.209396862103507e-08,0
2.62391051032572e-12,2.609470472319921e-08,0.9999999739026713,0
0.9624414625981698,0.01951074549092995,0.01804779191090051,0
0.004284525633241022,0.7474857914506682,0.2482296829160907,0
0.007528527823721331,3.6130446319255494e-05,0.9924353417299595,0
8.257230520468391e-05,3.938331006947982e-06,0.9999134893637884,0
0.9403423536341065,0.059542804758471804,0.00011484160742174265,0
1.918110748966078e-08,0.9999277996431987,7.218117569381291e-05,0
0.000708519903500047,0.9992561177915249,3.536230497511111e-05,0
0.7380394136349756,0.261960277446524,3.0891850018966285e-07,0
5.6474091448256234e-08,0.9993610228317571,0.000638920694151581,0
1.521681441003759e-07,0.9930047744933419,0.0069950733385140546,0
2.7444259496754486e-06,0.8499867933186839,0.15001046225536652,0
2.076824188523222e-12,0.9999999977241472,2.2737761298360957e-09,0
0.00022254087056842322,0.9988164168356938,0.0009610422937379209,0
0.25957903552513695,0.5986251519675506,0.14179581250731238,0
0.0015240568905789081,0.002448318898414265,0.9960276242110069,0
5.197340631884429e-05,0.9999429669073352,5.0596863459691776e-06,0
0.016313925185010143,2.523781067491938e-07,0.9836858224368831,0
0.00048537708634077334,0.001767094409125221,0.9977475285045341,0
1.4165326627060913e-05,2.6878975701098975e-08,0.9999858077943973,0
0.01401854717389413,0.9813913956483444,0.004590057177761378,0
0.9426125696626559,2.872743447262468e-06,0.05738455759389664,0
8.049663182854894e-05,1.9764793222680848e-08,0.9999194836033781,0
0.0004114232547772906,3.976805439238879e-10,0.9995885763475421,0
0.012164164140013091,0.9877227486235157,0.00011308723647126146,0
9.290895850431455e-13,3.4029774195076458e-12,0.9999999999956679,0
0.1659342449723308,0.834065738908303,1.611936601350673e-08,0
0.6601777025185642,0.3334062440957208,0.006416053385715132,0
0.9999833967273908,1.2459807699651335e-05,4.143464909407028e-06,0
4.167495501223082e-07,0.9999858533204727,1.372992997708891e-05,0
0.027009919257723745,0.023253698699912298,0.9497363820423639,0
0.08204324133506424,2.1940915469238754e-10,0.9179567584455266,0
7.502431973397965e-07,6.306194319883406e-07,0.9999986191373708,0
7.258834483826808e-07,0.9999992740973922,1.9159258437834065e-11,0
0.6201192421640498,7.175630804483185e-05,0.37980900152790537,0
1.977600669518029e-06,9.92800363449381e-11,0.9999980223000504,0
0.018656057835449436,0.9046898376209801,0.07665410454357051,0
0.6297397488115242,3.3788850133666936e-05,0.37022646233834205,0
0.9652225317163142,0.03477626679533259,1.2014883532637786e-06,0
1.3321394052549605e-05,0.007902918685479552,0.9920837599204678,0
0.008411491007547999,0.6466709449183,0.34491756407415197,0
0.9418987459308691,0.023113531353515415,0.03498772271561543,0
0.019578155490235324,0.9778618090022096,0.002560035507555034,0
0.9997529510161288,0.00024481684513562297,2.2321387353877723e-06,0
0.07998456991498537,0.41326804533300715,0.5067473847520075,0
0.6259086682324042,0.37355804188440017,0.0005332898831954273,0
0.21303046965905503,0.3778128866487719,0.409156643692173,0
3.945060389240758e-06,0.9996823096817067,0.000313745257903964,0
3.2225843423826615e-07,0.9994138169230253,0.0005858608185404197,0
4.107050865287026e-05,0.862554704701642,0.1374042247897051,0
0.9988112061513476,4.789499107368178e-09,0.0011887890591534874,0
0.9997763715079067,0.00011895518627728277,0.00010467330581605463,0
0.9863944546532352,0.013583482091803585,2.2063254961270285e-05,0
0.009481708649582588,0.9892300281507681,0.0012882631996493533,0
0.41148900686877793,0.08027143304388831,0.5082395600873338,0
0.9921234959479438,0.007864397603161514,1.2106448894585825e-05,0
0.011684784482642985,0.9883144071861819,8.083311750118855e-07,0
2.313703770641673e-08,0.9999988820207752,1.0948421870717834e-06,0
3.860047462494566e-09,0.9999999960566848,8.326783342460426e-11,0
0.0024816107814125913,3.4867547360903147e-07,0.9975180405431139,0
0.010123894424844786,0.989848724429532,2.7381145623326492e-05,0
0.25901463647653244,0.13389291025982414,0.6070924532636434,0
0.0014319513763925633,0.9279070511248118,0.07066099749879567,0
4.749394875436602e-06,0.9999952365794189,1.4025705692295987e-08,0
0.00022445629916594348,0.893286975476772,0.10648856822406205,0
0.9859188540776527,0.013772860227168462,0.000308285695178809,0
0.5868812868936871,0.3957657799829878,0.017352933123325157,0
0.005950834217471245,0.9328053047411666,0.06124386104136209,0
2.503595790435796e-05,0.343010641880393,0.6569643221617026,0
0.002663349209113018,0.0013030214189325936,0.9960336293719544,0
0.001134635374698179,0.9987931979631205,7.216666218139557e-05,0
1.0879871264651606e-09,0.9999998416067994,1.5730521350722747e-07,0
0.5219418247838357,0.4772823034248919,0.0007758717912723622,0
0.6591837716223066,0.34080322613031566,1.3002247377678184e-05,0
0.1464511891128045,0.8242913665300193,0.029257444357176005,0
0.38586191963135835,0.25080711688610896,0.36333096348253274,0
0.16926745471964286,0.8306400126422728,9.253263808437741e-05,0
0.9998683073863378,7.654742758608623e-06,0.00012403787090350742,0
0.04337858693103399,0.9523066614947373,0.004314751574228699,0
0.12759804058314292,0.3414487863938054,0.5309531730230518,0
1.2644493635993066e-08,0.9999999824215889,4.93391744053571e-09,0
0.08379879483959192,0.607505483163009,0.30869572199739903,0
0.9999999991731978,7.355890728404362e-10,9.121299810167226e-11,0
0.021226049280464263,0.9787739239807175,2.6738818395850462e-08,1
0.0023511323698846356,0.9892798152337354,0.0083690523963799,1
0.00016769776124225333,0.9892477096979461,0.010584592540811616,1
1.459640735729573e-07,0.0004528171542921477,0.9995470368816344,1
5.487612268646599e-10,1.630258465166534e-08,0.9999999831486542,1
0.002762390167127939,3.4574784067339864e-07,0.9972372640850313,1
5.286683195175635e-07,0.020815099449943666,0.9791843718817368,1
1.7383151458598308e-08,0.9999421400285678,5.784258828068658e-05,1
0.9997899118133278,2.40918803978534e-07,0.00020984726786825604,1
3.115028926702541e-05,0.5979723648837639,0.40199648482696904,1
0.00038031564553512475,0.6414579382475066,0.3581617461069583,1
5.732667853882363e-06,0.28369682239203836,0.7162974449401077,1
0.0006272804208468546,4.1780403086951766e-05,0.9993309391760662,1
2.0350900396530443e-07,0.0038092855325742763,0.9961905109584217,1
0.0009035706934971894,0.7253522961105839,0.2737441331959189,1
2.4381851088046504e-07,0.9993687393456,0.0006310168358892585,1
0.03753696913487046,0.9624027587327975,6.027213233197459e-05,1
1.0641103636035567e-05,0.7208846824606859,0.2791046764356781,1
8.144990917864932e-05,0.9998619167645107,5.66333263106497e-05,1
0.9203617834932152,0.07949638192909782,0.00014183457768680505,1
5.864126948745408e-09,0.011347043466956315,0.9886529506689167,1
7.096756274400966e-08,0.01399694176393929,0.9860029872684979,1
0.007318711846141937,0.21484021159485087,0.7778410765590071,1
1.9215588913943505e-07,0.9999997987582673,9.08584354147029e-09,1
1.5551872665031417e-10,0.9999999996556055,1.8887588205084492e-10,1
5.2671155697930256e-08,0.999999943455938,3.872906150551613e-09,1
2.215252280449068e-06,0.7290351639161765,0.2709626208315431,1
1.7199063949930478e-07,0.9999996805316264,1.474777342714904e-07,1
4.181126002932684e-10,0.999999971316237,2.8265650416194818e-08,1
0.9999999999718396,2.811051715493441e-11,4.970836933919719e-14,1
0.01135971296640839,0.988639281357125,1.0056764665872189e-06,1
0.9872337566557055,0.012762639703578714,3.6036407158837117e-06,1
0.00952647089049551,0.9864469369071652,0.004026592202339243,1
0.9808913642055361,0.018282350632266825,0.0008262851621969976,1
0.05045735374414631,0.021699888419637492,0.9278427578362162,1
2.7366815295310066e-05,0.9551922158688093,0.04478041731589544,1
0.9999999999966627,3.3373098350629057e-12,3.477656638936894e-18,1
1.0,6.122862323787906e-20,4.330365507032961e-22,1
3.134610663462383e-11,0.9999999991113644,8.572896153175735e-10,1
0.9999999999358877,1.2493426052674351e-12,6.286285983287169e-11,1
1.0,9.58823052066545e-22,1.5011512602928382e-19,1
2.5783974990995635e-14,0.999999999998628,1.3463070937288815e-12,1
3.766422828617996e-07,0.9999576204464412,4.200291127604066e-05,1
1.0,3.362884345699355e-20,6.991983528669943e-30,1
0.9999999997484426,1.4805717396338044e-10,1.0350035326355558e-10,1
0.23640520431026313,0.7328656496254548,0.030729146064281974,1
5.613361976349056e-12,0.9999999999940576,3.28959871244093e-13,1
1.0,3.9208456117032584e-23,3.862833468238501e-31,1
1.0,2.4285887521684367e-43,1.1524618511148553e-45,1
1.0,6.705175417591397e-43,5.988851685065041e-42,1
1.0,1.9378371696647508e-28,6.366862120141441e-43,1
1.0,6.693311647625013e-47,1.3990679965597532e-54,1
1.0,3.9298340749367518e-28,1.2093635380421071e-32,1
1.0,2.6766372801689475e-36,4.983703691044144e-29,1
1.0,9.154965791715032e-34,2.574115036993101e-37,1
1.0,1.3402736963121765e-36,3.959322644681404e-35,1
1.0,1.6655913488304671e-32,5.507066812412361e-30,1
1.0,5.272649924116513e-28,8.93254938028932e-34,1
1.0,1.6808260113544637e-28,3.11448566741542e-23,1
0.14256322990978706,0.8574367700898229,3.9017761474555383e-13,1
4.0245083703136985e-06,0.9999959730571819,2.4344477068315164e-09,1
1.0,6.948073369845918e-36,1.0720078440293944e-42,1
1.0,2.7038289421648097e-53,1.8636838840229455e-52,1
1.0,4.332513166407794e-22,3.5580902012131897e-28,1
0.9909695010897137,0.007882487020225,0.0011480118900613027,1
1.0,1.5874133288391605e-35,6.933582402109391e-36,1
1.0,1.2895470136850017e-29,5.7595492811365606e-30,1
0.0009026968562364564,0.9824613485511768,0.016635954592586627,1
0.6672693781251109,0.25828600475797825,0.07444461711691074,1
1.0,3.521797725743472e-18,9.635079022122961e-19,1
1.8724184630049265e-05,0.9999797551548338,1.520660535977311e-06,1
0.9999999999990721,9.279870389420544e-13,1.3074643542986262e-19,1
1.0,1.0311083971818762e-23,1.8749503000314195e-25,1
0.0005504030984932659,0.9993727282178071,7.686868369978794e-05,1
0.9999999999479394,5.206060144990911e-11,3.89450685838571e-18,1
0.9999999902248319,7.161829222822385e-12,9.768006398292964e-09,1
0.9999999826966998,1.2461359376457672e-08,4.841940957389529e-09,1
1.0,3.723802619090166e-22,6.557448983212969e-30,1
1.0,6.022057081717325e-36,1.2425638716090894e-45,1
1.0,8.254467244727366e-39,9.310903491476392e-44,1
1.0,1.2056039406085254e-31,3.082527253622191e-39,1
0.9999999937281603,6.271838379387908e-09,1.2283969209035098e-15,1
0.9999996298347589,3.701634146352789e-07,1.8265865418145795e-12,1
0.9965374318173531,0.003462493949572943,7.423307375744088e-08,1
0.9999999999888496,1.1135017538363242e-11,1.5245786456458446e-14,1
0.999999999999915,1.9083456890036114e-15,8.296002153142157e-14,1
0.059322861238079366,6.673332373165396e-05,0.940610405438189,1
0.798395584409483,0.00014971113887731074,0.20145470445163954,1
5.984165042558838e-05,0.9997130670651492,0.00022709128442518548,1
0.998714983249021,0.0012832790830364516,1.7376679427796914e-06,1
0.786521399365602,0.17888619204921882,0.034592408585179174,1
0.8340324773917253,0.013285370662138673,0.1526821519461361,1
0.024429484419269835,0.931433606232868,0.044136909347862345,1
0.8869511758793353,0.01554493544133736,0.0975038886793274,1
0.15155136141983075,0.7783738963611981,0.07007474221897117,1
0.0001548628628632257,0.9998104454343547,3.469170278207745e-05,1
0.935899223527745,0.0005793396017860376,0.06352143687046892,1
0.9999913495512084,1.69484605741135e-06,6.955602734242512e-06,1
1.0,8.425842340882162e-22,6.523944261530122e-28,1
1.0,1.0714149753693274e-46,4.142660250683771e-40,1
0.00012457402635914272,0.9998754259065602,6.708061099430446e-11,1
1.0,2.9542754779119766e-29,2.5742556118900056e-31,1
5.055481847051883e-05,0.9834774937601456,0.016471951421384013,1
0.025782007127426378,0.9723053467704328,0.0019126461021409318,1
0.9994156770320278,0.0001677279223311495,0.0004165950456410091,1
0.20998404064073767,0.7898459390181323,0.00017002034113005156,1
0.9997881084639804,3.2157853944987343e-07,0.00021156995748007295,1
0.8473772855614977,0.1525958007088834,2.691372961875876e-05,1
1.0,3.9429365721872774e-31,3.2517547872621816e-36,1
0.9973190269210251,0.0026760094872605644,4.96359171437682e-06,1
1.0,1.915476979124348e-26,1.832642999374542e-22,1
0.9999999943625877,5.4028789520788534e-14,5.637358283372001e-09,1
1.0,8.821777331911052e-28,9.013500564240412e-30,1
1.0,1.6657948465516605e-18,4.280399188613914e-31,1
0.0041742833922860986,0.9543290081333595,0.041496708474354424,1
1.3065370856588564e-07,0.999999785291421,8.405487027428076e-08,1
1.0,7.232963925319683e-29,1.0316907644961924e-36,1
4.2224431298866624e-05,0.9981150288602788,0.0018427467084223869,1
2.895331316656267e-11,0.9999999999710467,8.265943235051592e-19,1
0.13024625718363111,0.8697537226090583,2.0207310461315044e-08,1
1.0,9.608877390472327e-28,6.301008638951725e-29,1
1.0,3.2239157638081684e-46,3.1969794294948144e-43,1
0.9979984719389055,0.0020015271153430163,9.45751445613712e-10,1
0.9999999999982541,1.7459803031152486e-12,3.3492277213421773e-18,1
1.0,5.616147734574643e-31,4.0732514204058495e-35,1
1.0,5.57977024643757e-29,2.6295291195370853e-20,1
0.0004425872486481354,0.9990308401176405,0.0005265726337113247,1
0.9999999999999161,5.2384416585175126e-14,3.161341229995377e-14,1
1.0,1.4969654915894997e-21,2.971037925616627e-17,1
0.9999593159796387,4.067812459349126e-05,5.8957677814178565e-09,1
1.0,2.187711332854146e-28,2.932475455536786e-35,1
1.0,1.8199489509382812e-27,1.1923344293420967e-26,1
0.7500535004934292,0.017095206792453535,0.23285129271411723,1
0.049382361175094966,0.9496513006983672,0.0009663381265377681,1
0.08438599892329957,0.9030676407059414,0.012546360370759001,1
0.9999982844122282,1.6654599385781312e-06,5.01278332301445e-08,1
1.0,8.203436457982931e-23,2.717666747910734e-22,1
1.0,3.4457475929718033e-44,8.551526565132754e-37,1
1.0,8.497548764461026e-46,2.9675414237304648e-49,1
1.0,4.698387320177163e-49,2.6682551023767255e-35,1
3.814768975865956e-05,0.999961852308322,1.919382597828242e-12,1
1.0,2.3105893662697016e-20,1.0940454722055131e-26,1
0.0005846801239546204,0.7827550834080644,0.21666023646798102,1
1.0,8.384131412449693e-32,4.501314853596536e-34,1
1.0,5.286478458603569e-35,9.58532423936497e-36,1
1.6011902682069734e-05,0.9325280518453434,0.06745593625197467,1
0.9935879627610958,0.0064120372366504585,2.253555137708789e-12,1
1.0,5.808245487637834e-17,2.797534000893703e-27,1
8.418301455957417e-05,0.895805348557153,0.10411046842828746,1
1.2874499938131028e-05,0.9999870898063393,3.569372248412496e-08,1
0.013998264757264421,0.985876174957058,0.00012556028567741533,1
0.04500167784484501,0.9549983207679379,1.3872169632383689e-09,1
1.0,9.237071315537064e-21,3.0518957518406677e-19,1
1.0,3.23588449522904e-32,4.3821612531469205e-36,1
1.0,4.1648037921942875e-32,2.1199722444778725e-43,1
1.0,1.7812652023995928e-39,9.72183293601361e-38,1
1.0,1.3138579272900574e-24,5.302333299697185e-25,1
0.9999999999999698,7.615808664255553e-20,3.0167651021119383e-14,1
1.0,1.2689176772116697e-28,6.311085747268035e-30,1
0.9999999995279574,2.0655796743162124e-14,4.720219400094953e-10,1
0.07248359545015007,0.9274844764499163,3.192809993363661e-05,1
0.9993221882309351,0.0006760041179255065,1.8076511392200183e-06,1
1.0,2.2359629336155095e-35,2.3547080975863355e-35,1
1.0,2.0681666395430508e-42,1.5063746934928713e-42,1
0.9999999999929265,7.073377433950216e-12,5.130002128500053e-18,1
1.0135302368869569e-05,0.9885753951444455,0.011414469553185697,1
2.860680899830258e-05,0.999971298813083,9.437791870803661e-08,1
0.0001874779240326805,0.999810540863848,1.9812121192417985e-06,1
0.9100630318765655,0.07062940081274474,0.019307567310689788,1
1.0,7.362211954095208e-44,6.5145443969998474e-43,1
1.0,1.0157548049547947e-44,4.833296267948232e-38,1
1.0,6.349806363040442e-41,1.377103883046974e-47,1
0.999999999993409,5.011084708412524e-16,6.590573800582957e-12,1
3.278940263726733e-05,0.9998877708869335,7.94397104291946e-05,1
1.5286423457498053e-06,0.9999584172198944,4.005413775991081e-05,1
1.0,3.4722464932203184e-24,2.8707307311888797e-22,1
1.0,1.1650971215446798e-33,7.819638126030995e-42,1
1.0,4.370557936754634e-31,2.902232211159319e-41,1
1.0,3.3173266014096945e-32,2.6548575716713073e-34,1
0.9989067332721013,0.0010932464096725387,2.0318226180063782e-08,1
0.9981782784387982,0.001813671226118447,8.05033508345535e-06,1
0.852179953842771,0.08685743464679221,0.06096261151043679,1
0.9999999956359309,4.363773710195037e-09,2.9534293441485185e-13,1
0.9993734254986236,1.5549902842510845e-05,0.0006110245985338386,1
1.0,1.0281039725924342e-38,1.479977898990001e-35,1
1.0,7.849946914470884e-39,2.6402755852231406e-45,1
1.0,8.355953395789832e-44,2.932521368157115e-44,1
1.0,2.3465532398313077e-40,7.366077989724879e-44,1
1.0,1.5577970186578654e-31,3.4822922314865963e-38,1
1.0,1.9677356319496333e-32,3.8778908344457953e-32,1
1.0,7.253326512388339e-36,1.0337515313261654e-43,1
1.0,2.103193930158365e-31,2.850101098855225e-35,1
0.9999999999999125,6.115056073345446e-14,2.6333525033962396e-14,1
1.0,9.577260725934231e-28,1.7126575629473876e-31,1
1.0,5.563517157492716e-17,4.600904921714757e-24,1
0.9999999927103587,6.5596468562553594e-09,7.299946148486864e-10,1
1.0,4.5071206940812727e-17,1.0941783563627591e-23,1
0.9999455463290257,1.228712600346401e-10,5.445354810306413e-05,1
0.9999999999820932,1.7906503262504785e-11,1.9509212852801113e-16,1
1.0,1.3500190208129663e-19,2.157061309989917e-25,1
1.0,1.037385777880758e-40,3.945959028172002e-40,1
0.9999999999998164,1.8336638914553044e-13,1.7238084228420286e-16,1
1.0,7.380533083451985e-17,8.38017346045393e-24,1
1.0,3.587243406003398e-46,7.616205652928832e-40,1
1.0,3.185732863239165e-31,9.844212264834942e-31,1
1.0,3.619760890371822e-37,3.819401117168777e-36,1
1.0,1.5004372712430573e-21,9.516617071193877e-26,1
1.0,2.435247437639428e-24,8.073617931557863e-27,1
1.0,2.4293572479144947e-19,6.796036824391954e-22,1
0.9999999992674993,6.194471797620369e-11,6.705560820105061e-10,1
1.0,5.2846781579530036e-21,8.156612307470327e-28,1
0.999999999999986,1.3979072048519436e-14,2.958295023674288e-18,1
0.9998727067476462,3.3604667374913552e-09,0.0001272898918871095,1
0.9999927045253696,7.23291923556328e-06,6.255539468375023e-08,1
1.0,1.1261336109325447e-30,1.4054611669951046e-30,1
0.9999999997092199,2.64968484224989e-16,2.907798321443442e-10,1
4.356488120385333e-05,0.9998684914879716,8.794363082434585e-05,1
1.0,8.670536810047113e-21,2.4253352775382344e-20,1
1.0,2.8572871465961935e-37,9.62767028005571e-40,1
1.0,1.3863129841356876e-28,5.2577609879896724e-33,1
0.017174922984054944,0.9818625287170554,0.0009625482988896457,1
0.8410226174359352,0.15855478285650768,0.00042259970755711913,1
0.00026618258087919116,0.030415405078362726,0.9693184123407582,1
1.0,1.3184854143969453e-39,1.066601760439879e-49,1
1.0,4.906312001583701e-28,8.107980962775025e-28,1
0.9999999999999984,1.5895946204710537e-15,2.480129300125968e-22,1
0.009397855146844148,0.9795125086546073,0.011089636198548521,1
0.9999999980203471,1.952094374479739e-09,2.7558352473922432e-11,1
8.278023356786395e-05,0.9996915101170107,0.0002257096494214608,1
1.0,8.043651864365365e-19,1.0508204639480944e-26,1
1.0,1.9286608741023767e-32,2.569067472027127e-35,1
1.0,2.4221298065663427e-29,7.459660463955192e-35,1
1.0,3.6807845144307195e-23,4.349301454553735e-18,1
0.9999963185183025,2.432103718316899e-06,1.2493779790764764e-06,1
0.9987968185369169,0.0012010181776870917,2.1632853958621594e-06,1
1.0,2.220515876384987e-19,2.473791306332537e-19,1
1.0,4.301153874070016e-46,1.2746019830259079e-42,1
1.0,6.221773631652339e-48,1.6443775441206216e-46,1
1.0,1.5486417853032106e-30,1.072700058835973e-36,1
1.0,8.197358155863899e-47,1.485787594084291e-54,1
0.9999999590660466,4.4170895609568855e-12,4.092953623014624e-08,1
1.0,1.1102938538334551e-25,1.533730831993588e-28,1
1.0,1.4253732394654031e-23,4.304039757091118e-22,1
1.0,1.029024660604393e-30,1.2153549182955451e-25,1
0.9999999998678699,1.2314257945160657e-10,8.987446919550977e-12,1
0.999730111334588,0.00026757971147559507,2.3089539365497418e-06,1
0.9999090421982946,9.056126722465457e-05,3.965344808593481e-07,1
0.9999999999999998,3.1972725344532113e-16,9.444329812912457e-27,1
1.0,5.844828002102034e-25,4.379467125482687e-26,1
1.0,3.5931626619208347e-36,4.179820421294052e-43,1
0.9999999996857636,3.1423641314378364e-10,4.209035424473901e-23,1
1.0,1.7365583918248254e-27,1.0166635917008326e-38,1
1.0,4.2458482680717675e-43,3.0772641980894855e-52,1
0.9999682996411785,3.1700358821523775e-05,5.275757340078406e-20,1
0.0034831089587639024,0.730415840251313,0.26610105078992324,1
0.9999999999754525,1.3180945340783964e-13,2.4415607611267472e-11,1
0.08275788280888122,0.04333155999679845,0.8739105571943203,1
0.00043359906374130456,0.999564179987327,2.2209489317152926e-06,1
1.0,7.209276225648738e-18,4.432461254908878e-31,1
5.045417461806731e-07,8.284277468263535e-06,0.9999912111807856,1
1.0,5.197378984912544e-25,4.904678101629838e-31,1
1.0,5.20446986534626e-44,7.20695861095225e-47,1
1.0,1.4674859568723542e-34,1.177261498431117e-38,1
0.9999999999994313,8.044681420428862e-21,5.687090803048817e-13,1
0.0018784600911905844,0.0015343552524435078,0.9965871846563659,1
0.06912934735599933,0.007020900972326292,0.9238497516716743,1
0.9999999999999991,1.6695515388794176e-16,5.560271871868984e-16,1
0.9999999990540123,9.459873665289287e-10,5.491847028258106e-16,1
1.0,3.1573650008459634e-26,8.808805916152094e-32,1
1.0,1.9371228407678432e-27,8.027920724407899e-25,1
3.5216880431041265e-07,0.9999985169888534,1.1308423422734943e-06,1
0.9982241775072845,0.0014782048818707204,0.00029761761084466827,1
4.2781192875057914e-05,3.2071797244421845e-05,0.9999251470098804,1
0.028413005013437125,0.9027137805906161,0.06887321439594678,1
5.795625532110587e-06,0.9999460718897928,4.813248467504205e-05,1
0.9999999999678011,3.219891526346948e-11,9.268567628375572e-18,1
8.924311676992156e-06,0.9699977445126247,0.02999333117569831,1
0.9999897874376675,1.0199486828845359e-05,1.3075503441006276e-08,1
0.9999447390623866,5.526093761020918e-05,3.3392693412886907e-15,1
1.0,8.41125122787672e-31,2.0390746056303374e-28,1
0.9990670837368891,6.43352031002725e-09,0.0009329098295906023,1
0.9999999999999909,9.101392998676019e-15,7.520639295536753e-20,1
6.157160912165645e-06,0.9996809319715733,0.00031291086751453434,1
0.0006471383612059751,0.9839817967246738,0.015371064914120061,1
0.999999999974799,2.1756832577028075e-11,3.4440281780004753e-12,1
1.0,7.715443847466221e-36,6.0726169805537255e-37,1
1.0,9.028906489347303e-29,4.081011011740817e-34,1
1.0,1.2286007526351723e-40,2.4806671156637168e-45,1
1.0,6.53572358494105e-44,6.305220493585471e-50,1
1.0,1.4631015610992402e-32,4.503104050553955e-44,1
1.0,1.2977333722330805e-36,4.811739600671408e-42,1
1.0,4.7008623208972026e-24,2.5373086643784927e-20,1
0.999954752376044,4.5247623944013124e-05,1.2028904590447314e-14,1
1.0,1.1224173140632226e-35,1.3759058922433337e-35,1
1.0,1.998915331177493e-48,4.4706635805297276e-51,1
1.0,3.7855931561709734e-34,9.677370171872028e-39,1
0.9999999673785496,3.2621450571472406e-08,1.6031066872087193e-18,1
1.0,4.4537100949789104e-34,1.433965895786559e-34,1
1.0,3.2217305125532815e-26,7.719026225106982e-37,1
1.0,1.4980437351916038e-20,1.4271881493260637e-26,1
1.0,1.2210192025800753e-33,3.269859152075322e-34,1
0.0451754043573059,0.9547679257663303,5.666987636379061e-05,1
0.00045534324622345025,0.993661971737993,0.0058826850157835545,1
1.0,7.711274053198652e-36,5.646419086961648e-35,1
1.0,9.39493450805932e-36,6.976581968646472e-45,1
1.0,1.9210098331575876e-41,2.8367472446062314e-45,1
1.0,3.379527219970256e-45,1.6807104927749864e-48,1
1.0,5.7132248724841905e-43,2.794952135721209e-44,1
1.0,1.5731460514279866e-29,9.201172644133066e-33,1
0.9999999884827128,1.1517192787571519e-08,9.426402693871241e-14,1
1.0,9.091021374678324e-24,4.794481411318978e-25,1
1.0,5.030459977673084e-19,2.7905873341890988e-21,1
7.569792565810181e-05,0.9999243020008737,7.346819111333639e-11,1
1.0,4.290541463634723e-37,9.212822800076263e-39,1
1.0,4.249059239902612e-46,9.380230360983285e-51,1
1.0,9.684931326674942e-24,2.033783481443698e-26,1
0.9999999998581925,1.4180744733351618e-10,8.737383506753461e-23,1
0.016854628522901875,0.9669867235015391,0.016158647975558958,1
1.0,2.4039825932753905e-27,2.2112655045483147e-24,1
1.0,7.588369105714325e-50,8.919533948918448e-53,1
1.0,2.36959269530136e-39,1.7096447345523743e-43,1
1.0,7.508651924040304e-30,4.233550660345821e-35,1
0.9999999999999922,7.666877178826686e-15,8.193811872085074e-18,1
0.9983728927876854,0.0006681607164070426,0.0009589464959075577,1
0.999765045014264,1.413558567469791e-06,0.00023354142716836213,1
0.18246372385865545,0.8168086841997663,0.0007275919415784324,1
0.00027490957019673346,0.0009334035594968355,0.9987916868703064,1
3.820330128209335e-06,0.04315691797392635,0.9568392616959454,1
0.14444769092560208,0.8540410285400668,0.0015112805343311944,1
0.9131638565491484,1.5639692291099606e-06,0.08683457948162254,1
0.25914435534931274,0.3667779235202908,0.37407772113039645,1
0.9933727952702148,2.5368826475108643e-06,0.006624667847137551,1
0.9459958170453483,0.002012591044121697,0.05199159191052992,1
0.828297201045264,0.17166381621714893,3.89827375870842e-05,1
0.0010462320518052528,0.9988085383642867,0.00014522958390822123,1
0.8179942186714693,0.003938293481935361,0.17806748784659535,1
1.8171884692429531e-06,1.1649515278067722e-05,0.9999865332962526,1
0.9731739160233556,0.008500262041430758,0.018325821935213676,1
0.016509938613010536,0.0007591168124845331,0.9827309445745048,1
0.9999999800953989,3.2691114667822064e-09,1.6635489676595036e-08,1
0.0011350763805989333,0.9976799741477034,0.001184949471697696,1
1.6011553746312896e-05,0.9315758161140583,0.06840817233219539,1
0.6844900734821378,0.3150450056103347,0.00046492090752744584,1
1.0,9.5382312586437e-28,3.9612419704904554e-27,1
0.9978560718710425,3.1680143975090423e-05,0.0021122479849822406,1
0.0066464213846396236,0.02274094359794655,0.9706126350174138,1
0.0010998036432248162,0.4286705297518115,0.5702296666049637,1
0.9999999999644889,4.805801937331989e-12,3.070554330752558e-11,1
1.0,2.059658801214507e-47,4.1227228690557116e-49,1
0.06206732209147945,0.3045774215964961,0.6333552563120245,1
0.007304581301180764,0.0005792758456708315,0.9921161428531484,1
1.0,2.68355030823944e-25,1.737382334733315e-25,1
1.0,4.548029536835478e-33,4.751909735325041e-38,1
1.0,3.419618039740492e-19,6.997229576232218e-23,1
1.0,3.869875489941341e-42,4.250932122466026e-46,1
1.0,1.8245682196997363e-40,4.063983429803422e-43,1
0.9999999999878273,1.217001548627224e-11,2.656491944282374e-15,1
1.0,1.5371694528081233e-24,2.3767822794023864e-31,1
1.0,1.3988487206307188e-35,5.130037214274173e-40,1
1.7390260779047098e-06,0.9999958024067468,2.4585671751648763e-06,1
1.0,4.9356480647986486e-27,9.896560022933989e-29,1
1.0,6.386734022424919e-28,2.723677455893144e-30,1
1.0,4.870908390428086e-47,5.866945959133867e-50,1
0.14299450388944934,0.003580754404282344,0.8534247417062683,1
0.9999999999998972,5.101597769745932e-16,1.0242924945180066e-13,1
1.0,6.4226035720727065e-24,4.049870240266643e-27,1
1.0,5.605311541254312e-46,5.671021277415458e-48,1
1.0,1.3896183192806515e-39,4.92167888003984e-42,1
1.0,1.1608373739138015e-36,1.6629604003212874e-47,1
